329
11
518
3
4
2
1
3495
3387
3433
3439
3463
3493
3327
3349
3375
3095
3113
3293
3115
3117
3119
3121
3123
3125
3127
3129
3131
3097
3133
3135
3137
3139
3141
3143
3145
3147
3149
3151
3099
3153
3155
3157
3159
3161
3163
3165
3167
3169
3171
3101
3173
3175
3177
3179
3181
3183
3185
3187
3189
3191
3103
3193
3195
3197
3199
3201
3203
3205
3207
3209
3211
3105
3213
3215
3217
3219
3221
3223
3225
3227
3229
3231
3107
3233
3235
3237
3239
3241
3243
3245
3247
3249
3251
3109
3253
3255
3257
3259
3261
3263
3265
3267
3269
3271
3111
3273
3275
3277
3279
3281
3283
3285
3287
3289
3291
3403
3353
3339
3483
3471
3473
3313
3301
3385
3377
3319
3311
3343
3437
3391
3425
3459
3381
3397
3331
3477
3453
3369
3409
3419
3399
3393
3429
3355
3299
3435
3395
3309
3467
3329
3441
3491
3489
3373
3359
3367
3341
3451
3407
3315
3485
3465
3307
3305
3447
3317
3457
3379
3431
3347
3421
3357
3423
3401
3417
3445
3323
3371
3361
3333
3303
3383
3321
3461
3337
3455
3415
3335
3481
3345
3325
3365
3363
3479
3389
3487
3295
3405
3351
3411
3443
3449
3413
3469
3427
3475
3297
6
5
7
8
9
